geneID	expression	category	ASW1	ASW2	ASW3	ASW4	ASW5	ASW6	LPS1	LPS2	LPS3	LPS4	LPS5	LPS6
TRINITY_DN101261_c0_g1	variable	no_annotation	-1.254922651	-1.254922651	-1.254922651	-1.254922651	-1.254922651	-1.254922651	-1.254922651	-1.254922651	6.463480077	-1.254922651	-1.254922651	6.085746428
TRINITY_DN1026_c1_g3	consistent	Signaling_cascades	5.004620393	4.702809619	-1.626134526	4.773327129	-1.471680933	-1.626134526	-1.626134526	-1.626134526	-1.626134526	-1.626134526	-1.626134526	-1.626134526
TRINITY_DN104402_c0_g1	variable	no_annotation	-1.268599193	-1.268599193	-1.268599193	-1.268599193	-1.268599193	-1.268599193	-1.268599193	-1.268599193	6.434868392	-1.268599193	-1.268599193	6.25112354
TRINITY_DN10518_c0_g2	variable	no_annotation	-0.668269433	-0.668269433	-0.668269433	-0.668269433	-0.668269433	-0.668269433	-0.668269433	-0.668269433	3.533442833	-0.668269433	-0.668269433	3.149251502
TRINITY_DN1081_c0_g1	variable	no_annotation	-1.420676582	-1.420676582	-1.420676582	-1.420676582	-1.420676582	-1.420676582	-1.420676582	-1.420676582	3.714570968	-1.420676582	5.450119649	3.621398619
TRINITY_DN10902_c0_g1	variable	no_annotation	-1.234162349	-1.234162349	-1.234162349	-1.234162349	-1.234162349	-1.234162349	6.366605445	-1.234162349	-1.234162349	-1.234162349	5.975018048	-1.234162349
TRINITY_DN11009_c0_g1	consistent	Recognition/cell_adhesion/protein_binding	-0.156710279	2.018045095	-1.792100413	1.845923902	1.52046122	2.034154714	0.585055548	-1.740199311	-1.671834364	-0.920998146	-0.782969402	-0.938828565
TRINITY_DN11160_c0_g1	variable	no_annotation	-1.433216167	-1.433216167	-1.433216167	-1.433216167	-1.433216167	-1.433216167	5.906758508	-1.433216167	3.325140316	-1.433216167	-1.433216167	3.667046682
TRINITY_DN113092_c0_g1	consistent	Unknown	-0.171158934	-0.171158934	-0.171158934	-0.171158934	-0.171158934	-0.171158934	-0.171158934	-0.171158934	0.89579131	-0.171158934	-0.171158934	0.815798029
TRINITY_DN1165_c0_g2	variable	no_annotation	-0.812498559	3.67742966	-0.812498559	3.764084042	-0.129026667	-0.812498559	-0.812498559	-0.812498559	-0.812498559	-0.812498559	-0.812498559	-0.812498559
TRINITY_DN12_c7_g1	variable	Unknown	-2.625957871	-1.842809273	0.188359471	-2.514871728	-1.051644442	-0.319658815	0.764137171	0.122252193	3.720748012	0.092757304	-0.890918142	4.357606119
TRINITY_DN1224_c0_g2	consistent	no_annotation	3.926805812	3.103745561	-1.820259282	4.011896542	-1.820259282	3.519626342	-1.820259282	-1.820259282	-1.820259282	-1.820259282	-1.820259282	-1.820259282
TRINITY_DN12293_c0_g2	variable	Other	0.261400673	-1.169020541	-1.144012407	-0.789862239	0.001838459	-1.139297713	4.198313276	0.311334994	-1.433256692	-0.235391301	2.257383886	-1.119430396
TRINITY_DN12427_c0_g1	consistent	Signaling_cascades	3.952391347	0.079444062	-1.17464549	0.253175943	3.489074663	-0.133077115	-0.53532846	-1.507314084	-1.114724907	-1.402756225	-0.551911344	-1.35432839
TRINITY_DN12488_c0_g1	consistent	Unknown	-0.45486224	0.800940597	-0.45486224	0.339241659	2.953577902	-0.45486224	-0.45486224	-0.45486224	-0.45486224	-0.45486224	-0.45486224	-0.45486224
TRINITY_DN12599_c6_g1	consistent	no_annotation	-1.643263788	-1.643263788	-1.643263788	-1.643263788	-1.643263788	-1.643263788	3.045532019	-1.208168636	3.595217383	-1.643263788	3.439864463	2.630401287
TRINITY_DN12746_c7_g1	consistent	no_annotation	-0.227671404	1.040762989	-0.227671404	1.235951053	-0.227671404	-0.227671404	-0.227671404	-0.227671404	-0.227671404	-0.227671404	-0.227671404	-0.227671404
TRINITY_DN12757_c0_g3	consistent	no_annotation	-0.197461263	-0.197461263	-0.197461263	-0.197461263	-0.197461263	-0.197461263	-0.197461263	-0.197461263	0.966681385	-0.197461263	-0.197461263	1.00793125
TRINITY_DN13106_c0_g1	consistent	DNA_regulation/transcription	-0.494201458	2.597667597	-0.494201458	2.344346983	-0.494201458	-0.494201458	-0.494201458	-0.494201458	-0.494201458	-0.494201458	-0.494201458	-0.494201458
TRINITY_DN134_c0_g3	consistent	Signaling_cascades	-0.427046176	-0.427046176	-0.427046176	-0.427046176	-0.427046176	-0.427046176	-0.427046176	-0.427046176	2.213111979	-0.427046176	-0.427046176	2.057349786
TRINITY_DN140911_c0_g1	consistent	no_annotation	1.163617276	0.886636587	-0.955738901	1.19579524	2.006995189	1.437128015	-0.955738901	-0.955738901	-0.955738901	-0.955738901	-0.955738901	-0.955738901
TRINITY_DN14394_c0_g2	consistent	no_annotation	-0.522667834	-0.522667834	-0.522667834	-0.522667834	-0.522667834	-0.522667834	-0.522667834	-0.522667834	2.86221087	-0.522667834	-0.522667834	2.364467467
TRINITY_DN144_c0_g5	variable	no_annotation	-0.633373916	-0.898320442	-0.930567986	-0.962218873	-0.895771511	-0.743641089	-1.075919372	-0.995943995	4.089429847	-0.994579744	0.010185	4.030722081
TRINITY_DN1486_c0_g2	variable	no_annotation	-1.163409984	5.97507686	-1.163409984	5.490380943	-1.163409984	-0.994767948	-1.163409984	-1.163409984	-1.163409984	-1.163409984	-1.163409984	-1.163409984
TRINITY_DN15037_c0_g1	consistent	no_annotation	3.286380861	4.160617051	-1.751693269	3.094603081	-2.43335494	3.385385058	-2.252635623	-1.50315056	-0.740049178	-1.730033097	-2.557295575	-0.95877381
TRINITY_DN15043_c0_g2	consistent	Metabolism/transport	0.532590011	0.241907293	-0.39104627	0.400367108	0.346155425	0.454587499	-0.512932628	-0.383979995	-0.167305221	-0.229277313	-0.374611812	0.083545903
TRINITY_DN15058_c6_g2	consistent	Metabolism/transport	-0.415783988	-0.415783988	-0.415783988	-0.415783988	-0.415783988	-0.415783988	-0.415783988	-0.415783988	2.025433876	-0.415783988	-0.415783988	2.132406001
TRINITY_DN15270_c1_g2	variable	no_annotation	5.494942831	-1.198831187	-1.181237127	-0.72920542	-0.599192109	5.178734856	-0.882223424	-0.963670674	-1.389129978	-1.099885693	-1.241172097	-1.389129978
TRINITY_DN15411_c0_g1	consistent	no_annotation	-0.531021025	-0.531021025	-0.531021025	-0.531021025	-0.531021025	-0.531021025	-0.531021025	-0.531021025	2.741599429	-0.531021025	-0.531021025	2.568610825
TRINITY_DN156436_c1_g1	variable	no_annotation	5.760338876	-1.182046602	-1.182046602	-1.182046602	6.060127147	-1.182046602	-1.182046602	-1.182046602	-1.182046602	-1.182046602	-1.182046602	-1.182046602
TRINITY_DN15732_c2_g3	variable	no_annotation	4.650572547	-0.155471559	1.892347357	0.204837627	5.020053531	-1.529834333	-1.862112616	-1.457209494	-1.862112616	-1.17684521	-1.862112616	-1.862112616
TRINITY_DN15802_c0_g1	consistent	no_annotation	2.027490139	1.845595446	-0.723390202	2.306953655	0.484585186	-0.873276354	-0.9060825	-0.800404422	-0.9060825	-0.838443783	-0.809820647	-0.807124019
TRINITY_DN15923_c0_g1	variable	no_annotation	-0.462816677	-0.462816677	-0.462816677	-0.462816677	-0.462816677	-0.462816677	1.995565327	-0.462816677	-0.462816677	-0.462816677	2.632601445	-0.462816677
TRINITY_DN16253_c0_g2	consistent	no_annotation	-0.395333748	-0.395333748	-0.395333748	-0.395333748	-0.395333748	-0.395333748	2.123704862	-0.395333748	-0.395333748	-0.395333748	1.829632617	-0.395333748
TRINITY_DN16494_c0_g2	consistent	no_annotation	-0.214184638	-0.214184638	-0.214184638	-0.214184638	0.698848362	1.442998022	-0.214184638	-0.214184638	-0.214184638	-0.214184638	-0.214184638	-0.214184638
TRINITY_DN1663_c1_g1	consistent	no_annotation	0.523737507	0.402838074	-0.791248978	1.009081495	2.378195045	1.224890725	-0.791248978	-0.791248978	-0.791248978	-0.791248978	-0.791248978	-0.791248978
TRINITY_DN167168_c0_g1	consistent	no_annotation	-0.814971141	-1.156642001	-2.094739563	-1.582765581	-1.696389192	-1.674661447	2.833204285	-2.094739563	3.8914438	-2.094739563	2.679573108	3.805426855
TRINITY_DN169754_c0_g1	variable	no_annotation	-1.056634127	-1.056634127	-1.056634127	-1.056634127	5.158927993	5.407413281	-1.056634127	-1.056634127	-1.056634127	-1.056634127	-1.056634127	-1.056634127
TRINITY_DN172_c0_g1	variable	no_annotation	5.547863285	-0.21452906	-2.127027873	0.014952049	5.845467878	-0.346140169	-0.998519032	-2.197926978	-1.277930213	-2.264786263	-0.75389904	-1.227524585
TRINITY_DN1740_c0_g1	consistent	no_annotation	1.905443893	-0.349754674	-0.349754674	-0.349754674	-0.349754674	1.592102845	-0.349754674	-0.349754674	-0.349754674	-0.349754674	-0.349754674	-0.349754674
TRINITY_DN17560_c1_g1	consistent	no_annotation	-0.380169657	1.640599208	-0.380169657	2.161097361	-0.380169657	-0.380169657	-0.380169657	-0.380169657	-0.380169657	-0.380169657	-0.380169657	-0.380169657
TRINITY_DN175809_c0_g1	variable	no_annotation	-1.455204036	-1.455204036	-1.455204036	-1.455204036	-1.455204036	-1.455204036	-1.455204036	-1.455204036	7.485643957	-1.455204036	-1.455204036	7.066396404
TRINITY_DN17600_c2_g1	consistent	no_annotation	3.279852392	0.972443085	-1.971057019	0.677058237	2.997167328	-0.212920725	-1.30216176	-1.340138378	-0.225180564	-1.5885301	-0.292821775	-0.993710721
TRINITY_DN1774_c0_g1	consistent	Recognition/cell_adhesion/protein_binding	-1.482087565	3.428179678	-0.825532506	3.043062519	3.898324834	0.376428934	-1.252014638	-0.434015745	-1.867284492	-1.083128668	-2.141098736	-1.660833614
TRINITY_DN17986_c1_g2	consistent	no_annotation	-0.507415856	2.785807467	-0.507415856	2.288351092	-0.507415856	-0.507415856	-0.507415856	-0.507415856	-0.507415856	-0.507415856	-0.507415856	-0.507415856
TRINITY_DN1804_c0_g2	consistent	no_annotation	-0.520137128	2.544228412	-0.520137128	2.657142868	-0.520137128	-0.520137128	-0.520137128	-0.520137128	-0.520137128	-0.520137128	-0.520137128	-0.520137128
TRINITY_DN18232_c0_g1	consistent	Metabolism/transport	0.204938464	1.896584889	-0.290886211	1.994984188	-0.333512286	-0.284508641	-0.496634876	-0.389118048	-0.570081321	-0.392053339	-0.667481601	-0.672231219
TRINITY_DN18433_c0_g2	consistent	no_annotation	-0.400496656	-0.400496656	-0.389649274	-0.335301555	1.328963768	2.522275656	-0.384256015	-0.365536818	-0.382910845	-0.350997395	-0.455991769	-0.385602441
TRINITY_DN18630_c2_g3	variable	Metabolism/transport	-0.572097887	2.697234543	-0.572097887	2.990938183	-0.572097887	-0.539291742	-0.572097887	-0.572097887	-0.572097887	-0.572097887	-0.572097887	-0.572097887
TRINITY_DN18928_c4_g1	consistent	no_annotation	1.494340631	1.601542427	-0.936747403	1.653016084	1.200100201	0.60823248	-0.936747403	-0.936747403	-0.936747403	-0.936747403	-0.936747403	-0.936747403
TRINITY_DN1916_c3_g1	consistent	Recognition/cell_adhesion/protein_binding	0.302745597	-0.600892977	-0.636278576	-0.639538905	-0.764476451	-0.73977418	1.178346685	0.045587758	1.531836042	-0.369449741	-0.662569873	1.354464621
TRINITY_DN19171_c9_g1	consistent	no_annotation	-0.480744803	2.285850359	-0.480744803	2.521597673	-0.480744803	-0.480744803	-0.480744803	-0.480744803	-0.480744803	-0.480744803	-0.480744803	-0.480744803
TRINITY_DN19238_c5_g1	consistent	no_annotation	-1.746280576	5.549203693	-1.746280576	4.99514596	4.966507771	-1.621952441	-1.746280576	-1.746280576	-1.746280576	-1.664940949	-1.746280576	-1.746280576
TRINITY_DN193619_c0_g1	variable	no_annotation	-2.277849104	-2.277849104	0.26713078	-2.277849104	-1.380996031	-2.277849104	-0.887181418	0.299398432	6.604500486	-0.287257231	-2.055044543	6.55084594
TRINITY_DN19430_c0_g1	variable	no_annotation	-1.036049811	-1.036049811	-1.036049811	-1.036049811	4.867976599	5.492521508	-1.036049811	-1.036049811	-1.036049811	-1.036049811	-1.036049811	-1.036049811
TRINITY_DN19486_c1_g1	consistent	Recognition/cell_adhesion/protein_binding	-0.518725252	-0.518725252	-0.518725252	-0.518725252	-0.518725252	-0.518725252	-0.518725252	-0.518725252	2.442342374	-0.518725252	-0.518725252	2.744910151
TRINITY_DN19595_c1_g1	consistent	Recognition/cell_adhesion/protein_binding	1.742771269	1.942321863	-0.629886641	1.778950415	0.147559173	0.519566555	-0.615882128	-1.021658243	-0.92799186	-0.758729953	-1.205417358	-0.971603091
TRINITY_DN1990_c0_g3	variable	no_annotation	-1.56092572	-1.56092572	-1.56092572	-1.56092572	-1.56092572	-1.56092572	1.966645117	-1.56092572	6.07722054	-1.56092572	-1.56092572	6.004465821
TRINITY_DN20021_c0_g1	consistent	no_annotation	0.410439509	1.375397214	-0.653974628	1.26610934	-0.354896611	0.955505747	-1.537174151	-1.043327811	0.338588017	-0.731383804	0.243030786	-0.268313609
TRINITY_DN20064_c0_g4	consistent	no_annotation	-0.318125755	1.887266758	-0.318125755	1.293990797	-0.318125755	-0.318125755	-0.318125755	-0.318125755	-0.318125755	-0.318125755	-0.318125755	-0.318125755
TRINITY_DN2046_c2_g1	consistent	no_annotation	0.466921535	0.76321903	-0.045361342	0.867175817	0.246310769	0.423488113	-0.57101066	-0.237870207	-0.527740086	-0.211952833	-0.642773329	-0.530406806
TRINITY_DN20532_c0_g2	consistent	no_annotation	-1.03818555	3.189632525	-1.03818555	3.114809055	-1.03818555	3.039228374	-1.03818555	-1.03818555	-1.03818555	-1.03818555	-1.03818555	-1.03818555
TRINITY_DN20532_c2_g2	variable	no_annotation	-0.727021827	3.497713071	-0.727021827	3.772505197	-0.727021827	-0.727021827	-0.727021827	-0.727021827	-0.727021827	-0.727021827	-0.727021827	-0.727021827
TRINITY_DN20562_c0_g2	consistent	no_annotation	-1.415809242	4.304277654	-1.415809242	4.391339566	3.649375289	-1.337199407	-1.415809242	-1.322249066	-1.24588424	-1.360613588	-1.415809242	-1.415809242
TRINITY_DN20670_c0_g1	consistent	DNA_regulation/transcription	0.118550709	3.795282507	-1.236465556	3.826994243	-1.236465556	2.150896985	-1.236465556	-1.236465556	-1.236465556	-1.236465556	-1.236465556	-1.236465556
TRINITY_DN2074_c0_g1	consistent	DNA_regulation/transcription	-0.283793512	-0.462338393	-0.532919073	-0.467449807	-0.498504532	-0.607131177	-0.44585027	-0.266985225	1.357174398	-0.316855533	1.18054802	1.344105104
TRINITY_DN21285_c0_g1	variable	no_annotation	4.891728219	-1.188204504	-1.161050453	-1.188204504	5.218043027	-1.033750912	0.138907966	-1.019562469	-1.188204504	-1.093292857	-1.188204504	-1.188204504
TRINITY_DN21466_c0_g2	consistent	no_annotation	-0.309519049	-0.309519049	-0.309519049	-0.309519049	1.168676209	1.926514283	-0.309519049	-0.309519049	-0.309519049	-0.309519049	-0.309519049	-0.309519049
TRINITY_DN2161_c1_g1	consistent	no_annotation	-0.799167124	1.67853441	0.107543685	1.733627551	0.774968346	1.493064188	-0.896777921	-0.896777921	-0.896777921	-0.573696131	-0.827763243	-0.896777921
TRINITY_DN2168_c4_g1	consistent	no_annotation	-0.00825567	1.418128139	-0.236290639	1.467190116	0.143235375	-0.011330688	-0.258040223	-0.502927282	-0.502927282	-0.502927282	-0.502927282	-0.502927282
TRINITY_DN217106_c1_g1	consistent	Signaling_cascades	-0.272489049	0.958943359	-0.272489049	1.765947132	-0.272489049	-0.272489049	-0.272489049	-0.272489049	-0.272489049	-0.272489049	-0.272489049	-0.272489049
TRINITY_DN21827_c0_g1	consistent	Unknown	1.855488945	0.820982597	0.087158364	1.058275383	0.98166349	0.087917344	-0.883533341	-0.24136434	-1.125398322	-0.200634088	-1.103283161	-1.337272871
TRINITY_DN219_c0_g2	variable	no_annotation	-0.68576079	3.351884994	-0.68576079	3.505722902	-0.68576079	-0.68576079	-0.68576079	-0.68576079	-0.68576079	-0.68576079	-0.68576079	-0.68576079
TRINITY_DN21932_c0_g1	consistent	no_annotation	-1.756664205	-2.160080393	-0.318989651	-1.613376056	-2.131430188	-0.368281245	3.878804017	-0.910196093	1.57386437	-0.432237936	2.552739245	1.685848134
TRINITY_DN22019_c2_g1	variable	no_annotation	-0.898962453	4.391277621	-0.898962453	4.318578487	-0.898962453	-0.619194031	-0.898962453	-0.898962453	-0.898962453	-0.898962453	-0.898962453	-0.898962453
TRINITY_DN220296_c0_g1	consistent	Signaling_cascades	2.168063964	1.160440489	-0.860328376	1.519292586	2.002023824	-0.827522231	-0.860328376	-0.860328376	-0.860328376	-0.860328376	-0.860328376	-0.860328376
TRINITY_DN22878_c0_g1	variable	no_annotation	-0.837631033	4.143079796	-0.837631033	4.233230529	-0.837631033	-0.837631033	-0.837631033	-0.837631033	-0.837631033	-0.837631033	-0.837631033	-0.837631033
TRINITY_DN22927_c0_g1	consistent	Signaling_cascades	-0.363311456	1.538569108	-0.363311456	2.094545454	-0.363311456	-0.363311456	-0.363311456	-0.363311456	-0.363311456	-0.363311456	-0.363311456	-0.363311456
TRINITY_DN23036_c0_g1	consistent	no_annotation	1.881991416	1.595491458	-0.531991183	1.525856523	0.565681798	1.125422465	-1.227419531	-0.360350934	-1.841438065	-0.118499153	-0.991021845	-1.62372295
TRINITY_DN23192_c0_g1	variable	no_annotation	-1.640520085	-1.40051112	-0.664523127	-0.458463476	-1.640520085	-0.621885911	-1.640520085	-1.640520085	6.18573602	-0.846416186	-1.640520085	6.008664225
TRINITY_DN2327_c2_g1	variable	Unknown	-1.152237758	5.940614503	-1.152237758	5.441638851	-1.152237758	-1.012113534	-1.152237758	-1.152237758	-1.152237758	-1.152237758	-1.152237758	-1.152237758
TRINITY_DN23515_c0_g3	consistent	Unknown	3.021584989	2.133477869	-1.393091792	2.537929327	3.403505962	-1.344855606	-1.393091792	-1.393091792	-1.393091792	-1.393091792	-1.393091792	-1.393091792
TRINITY_DN23797_c0_g1	consistent	Recognition/cell_adhesion/protein_binding	3.434936728	-0.654646165	-0.654646165	-0.654646165	3.111524924	-0.654646165	-0.654646165	-0.654646165	-0.654646165	-0.654646165	-0.654646165	-0.654646165
TRINITY_DN23856_c0_g1	variable	Unknown	-0.61436842	2.739801606	-0.61436842	3.308970951	-0.61436842	-0.519456773	-0.61436842	-0.61436842	-0.61436842	-0.61436842	-0.61436842	-0.61436842
TRINITY_DN23884_c0_g2	consistent	Signaling_cascades	-0.255152854	1.296732249	-0.255152854	1.254796292	-0.255152854	-0.255152854	-0.255152854	-0.255152854	-0.255152854	-0.255152854	-0.255152854	-0.255152854
TRINITY_DN23911_c0_g3	variable	Recognition/cell_adhesion/protein_binding	-0.878708919	-0.878708919	-0.878708919	-0.878708919	-0.878708919	-0.878708919	-0.878708919	-0.878708919	4.292497909	-0.878708919	-0.878708919	4.494591278
TRINITY_DN23958_c0_g1	consistent	no_annotation	0.731178736	1.723370773	-0.786026169	1.550685143	0.12338379	1.098721735	-0.880937816	-0.65319674	-0.880937816	-0.74737429	-0.496888009	-0.781979336
TRINITY_DN23986_c0_g1	consistent	no_annotation	-0.212725673	-0.212725673	-0.212725673	-0.212725673	-0.212725673	-0.212725673	-0.212725673	-0.212725673	1.109779385	-0.212725673	-0.212725673	1.017477341
TRINITY_DN241170_c0_g1	consistent	no_annotation	1.979720422	-0.394066971	-0.394066971	-0.394066971	1.960949293	-0.394066971	-0.394066971	-0.394066971	-0.394066971	-0.394066971	-0.394066971	-0.394066971
TRINITY_DN2420_c0_g1	variable	no_annotation	-0.902753007	-0.902753007	-0.902753007	-0.902753007	5.37692257	3.650607497	-0.902753007	-0.902753007	-0.902753007	-0.902753007	-0.902753007	-0.902753007
TRINITY_DN24291_c0_g1	consistent	no_annotation	0.950359546	2.099108533	-1.426208679	1.723375874	1.375777685	2.286827216	-0.752652255	-1.426208679	-0.98898094	-1.426208679	-1.426208679	-0.98898094
TRINITY_DN24785_c0_g1	variable	Recognition/cell_adhesion/protein_binding	-0.984305164	-0.984305164	-0.984305164	-0.984305164	-0.984305164	-0.984305164	4.796424873	-0.984305164	-0.984305164	-0.984305164	5.046626764	-0.984305164
TRINITY_DN25021_c0_g1	consistent	no_annotation	0.330123438	2.39202551	-0.640358713	2.208276696	4.648833538	1.916877399	-2.231080483	-1.847030676	-2.231080483	-0.084425261	-2.231080483	-2.231080483
TRINITY_DN253_c0_g2	variable	no_annotation	-0.603963373	-0.603963373	-0.603963373	-0.603963373	2.772049115	3.267584611	-0.603963373	-0.603963373	-0.603963373	-0.603963373	-0.603963373	-0.603963373
TRINITY_DN25416_c0_g2	variable	no_annotation	-0.958503458	-0.958503458	-0.958503458	-0.958503458	-0.958503458	-0.958503458	-0.958503458	-0.958503458	4.736543833	-0.958503458	-0.958503458	4.848490745
TRINITY_DN255_c0_g1	consistent	Recognition/cell_adhesion/protein_binding	-1.212404429	0.103161801	-0.20090879	-0.825041888	-1.14064176	-1.179598284	-1.212404429	-0.139269725	2.358665569	-0.544285305	1.605218828	2.387508413
TRINITY_DN25932_c0_g2	consistent	Signaling_cascades	-0.222953539	-0.233814531	-0.404648317	-0.385683039	-0.414225275	-0.37629308	1.819107066	-0.485987944	-0.328944234	-0.303295647	1.750963814	-0.414225275
TRINITY_DN2631_c0_g1	consistent	Extracellular_matrix	-0.946890584	-2.504502597	-0.213973762	-2.969751542	-0.515185678	-1.461604638	0.524059441	-0.027063281	2.25029531	-0.153265608	3.75972444	2.258158499
TRINITY_DN26838_c0_g2	consistent	DNA_regulation/transcription	-0.242448788	1.217507352	-0.242448788	1.206980526	-0.242448788	-0.242448788	-0.242448788	-0.242448788	-0.242448788	-0.242448788	-0.242448788	-0.242448788
TRINITY_DN2693_c3_g1	consistent	no_annotation	-0.903488586	-1.070718154	-0.104923664	-1.110813559	-0.519743481	-0.121344227	1.610061842	0.019518309	0.691285637	-0.118704345	0.742637777	0.886232451
TRINITY_DN2759_c0_g2	consistent	Recognition/cell_adhesion/protein_binding	-0.755659735	1.895564208	-0.755659735	2.164442972	-0.755659735	2.740930439	-0.755659735	-0.755659735	-0.755659735	-0.755659735	-0.755659735	-0.755659735
TRINITY_DN27701_c0_g1	consistent	DNA_regulation/transcription	-0.61776869	-0.43096987	-0.551426196	-0.268936412	-0.574575173	-0.448472451	0.505520974	-0.540659765	1.570582583	-0.438444991	0.446546123	1.348603868
TRINITY_DN27754_c0_g2	consistent	no_annotation	-0.261824046	-0.261824046	-0.261824046	-0.261824046	1.43327894	1.184961516	-0.261824046	-0.261824046	-0.261824046	-0.261824046	-0.261824046	-0.261824046
TRINITY_DN27771_c0_g2	variable	no_annotation	-1.041203024	-1.041203024	-1.041203024	-1.041203024	-1.041203024	-1.041203024	-1.041203024	-1.041203024	5.396107956	-1.041203024	-1.041203024	5.015922281
TRINITY_DN27845_c0_g1	variable	Recognition/cell_adhesion/protein_binding	3.274530401	-0.460316045	-0.915995529	-0.447620972	0.027970436	4.130781242	-0.94374052	-0.718985259	-1.123888381	-1.123888381	-0.574958611	-1.123888381
TRINITY_DN27917_c0_g2	variable	no_annotation	-0.906187354	-0.906187354	-0.906187354	-0.906187354	4.367850617	4.694022921	-0.906187354	-0.906187354	-0.906187354	-0.906187354	-0.906187354	-0.906187354
TRINITY_DN280422_c0_g1	variable	no_annotation	-1.252762158	6.60075326	-1.252762158	5.926868316	-1.252762158	-1.252762158	-1.252762158	-1.252762158	-1.252762158	-1.252762158	-1.252762158	-1.252762158
TRINITY_DN284_c1_g2	variable	no_annotation	-1.184337095	5.910542891	-1.184337095	5.932828059	-1.184337095	-1.184337095	-1.184337095	-1.184337095	-1.184337095	-1.184337095	-1.184337095	-1.184337095
TRINITY_DN28743_c0_g1	variable	Signaling_cascades	-0.751351835	-0.751351835	-0.751351835	-0.751351835	-0.751351835	-0.751351835	-0.751351835	-0.751351835	3.613990763	-0.751351835	-0.751351835	3.899527584
TRINITY_DN28775_c0_g1	variable	no_annotation	-0.992146628	-0.992146628	-0.992146628	-0.992146628	-0.992146628	-0.992146628	4.2340536	-0.992146628	2.309733624	-0.992146628	-0.992146628	2.385532431
TRINITY_DN28845_c0_g1	variable	no_annotation	-0.783979153	-0.783979153	-0.783979153	-0.783979153	-0.783979153	-0.783979153	-0.783979153	-0.783979153	4.010592672	-0.783979153	-0.783979153	3.829198855
TRINITY_DN2917_c1_g1	variable	no_annotation	-0.606313823	-0.606313823	-0.606313823	-0.606313823	3.434490957	2.628647272	-0.606313823	-0.606313823	-0.606313823	-0.606313823	-0.606313823	-0.606313823
TRINITY_DN294_c0_g1	variable	no_annotation	-0.803308769	4.13445933	-0.803308769	3.898628356	-0.803308769	-0.803308769	-0.803308769	-0.803308769	-0.803308769	-0.803308769	-0.803308769	-0.803308769
TRINITY_DN296_c2_g1	variable	no_annotation	-0.902410902	4.490867997	-0.902410902	4.438329378	-0.902410902	-0.807499255	-0.902410902	-0.902410902	-0.902410902	-0.902410902	-0.902410902	-0.902410902
TRINITY_DN2987_c3_g1	variable	no_annotation	-0.723516217	3.252755758	-0.723516217	3.982406408	-0.723516217	-0.723516217	-0.723516217	-0.723516217	-0.723516217	-0.723516217	-0.723516217	-0.723516217
TRINITY_DN30291_c1_g1	consistent	Metabolism/transport	-1.725000723	-1.422437953	-1.951509252	-1.259082054	-1.744866028	-1.951509252	3.3920407	-1.711500288	3.215487314	-1.650506996	3.682851679	3.126032853
TRINITY_DN30605_c3_g1	consistent	no_annotation	0.869728891	0.864751215	-0.047551315	1.485175461	0.050398567	0.297464366	-0.437368399	-0.507921679	-1.030139266	-0.516555427	-0.504482595	-0.523499821
TRINITY_DN30756_c0_g4	variable	no_annotation	8.336185724	-1.683068614	-1.683068614	-1.683068614	-1.683068614	8.494500418	-1.683068614	-1.683068614	-1.683068614	-1.683068614	-1.683068614	-1.683068614
TRINITY_DN30930_c0_g2	variable	Recognition/cell_adhesion/protein_binding	-0.62910731	-0.62910731	-0.62910731	-0.62910731	-0.62910731	-0.62910731	-0.62910731	-0.62910731	3.238393841	-0.62910731	-0.62910731	3.052679257
TRINITY_DN31042_c0_g1	consistent	Metabolism/transport	-0.533760312	2.841557203	-0.533760312	2.496045916	-0.533760312	-0.533760312	-0.533760312	-0.533760312	-0.533760312	-0.533760312	-0.533760312	-0.533760312
TRINITY_DN31627_c0_g2	consistent	no_annotation	-0.960018928	5.288868978	-2.396713816	4.801819626	5.569382057	-1.720446408	-2.229355888	-2.00274854	-1.883728481	-2.301802169	-0.532379075	-1.632877357
TRINITY_DN3173_c0_g2	variable	Recognition/cell_adhesion/protein_binding	-0.716122733	-0.716122733	-0.716122733	-0.716122733	-0.716122733	-0.716122733	-0.716122733	-0.716122733	3.642695472	-0.716122733	-0.716122733	3.518531862
TRINITY_DN319_c0_g4	variable	no_annotation	-1.121698652	-1.121698652	-1.121698652	-1.121698652	-1.121698652	-1.121698652	-1.121698652	-1.121698652	5.628760467	-1.121698652	-1.121698652	5.588226056
TRINITY_DN33102_c0_g1	consistent	Other	0.037121592	0.43967869	-0.158644327	0.478587217	0.162450402	0.266425141	-0.213839981	-0.199484688	-0.213839981	-0.199484688	-0.199484688	-0.199484688
TRINITY_DN335_c4_g3	variable	no_annotation	-0.58136989	2.963980755	-0.58136989	2.849718144	-0.58136989	-0.58136989	-0.58136989	-0.58136989	-0.58136989	-0.58136989	-0.58136989	-0.58136989
TRINITY_DN33855_c0_g1	variable	no_annotation	-0.847022129	-0.847022129	-0.847022129	-0.847022129	-0.847022129	-0.847022129	-0.847022129	-0.847022129	4.018401849	-0.847022129	-0.847022129	4.451819444
TRINITY_DN3404_c0_g1	consistent	no_annotation	1.634593498	1.548469594	-1.241244328	1.121930002	0.557477419	1.248400327	0.162240627	-1.414101212	0.143989166	-1.716663982	-1.594044695	-0.451046415
TRINITY_DN34291_c0_g1	variable	no_annotation	-1.122696759	5.189550907	-1.122696759	6.037416688	-1.122696759	-1.122696759	-1.122696759	-1.122696759	-1.122696759	-1.122696759	-1.122696759	-1.122696759
TRINITY_DN3447_c0_g1	variable	Signaling_cascades	0.778163041	3.316111083	0.398663987	3.181681314	-0.534373431	-2.635593087	-0.505061524	-0.440687032	0.148942621	-0.53628513	-1.399216437	-1.772345403
TRINITY_DN34691_c0_g1	variable	no_annotation	-1.024846021	-1.024846021	-1.024846021	-1.024846021	-1.024846021	-1.024846021	-1.024846021	-1.024846021	5.033297271	-1.024846021	-1.024846021	5.215162943
TRINITY_DN348_c0_g2	consistent	Metabolism/transport	3.415976242	3.246708295	-1.353708262	3.450874254	0.279656174	-0.052754296	-1.653758951	-1.196826536	-1.62526674	-1.208306929	-1.672187788	-1.630405464
TRINITY_DN34853_c0_g1	variable	no_annotation	-1.14441155	6.197618658	-1.14441155	5.24649684	-1.14441155	-1.14441155	-1.14441155	-1.14441155	-1.14441155	-1.14441155	-1.14441155	-1.14441155
TRINITY_DN34865_c0_g1	variable	Signaling_cascades	-0.700411594	-0.700411594	-0.700411594	-0.700411594	-0.700411594	-0.700411594	-0.700411594	-0.700411594	3.662058294	-0.700411594	-0.700411594	3.342057648
TRINITY_DN35_c0_g3	consistent	no_annotation	-2.316300432	3.834236006	-1.533082685	3.719983472	-0.097983827	3.442022366	-0.168237476	-1.05591216	-0.988225352	-1.696044601	-1.866195041	-1.274260269
TRINITY_DN35_c0_g6	variable	no_annotation	-1.272831665	6.568455911	-1.272831665	5.961995344	-1.272831665	-1.074966273	-1.272831665	-1.272831665	-1.272831665	-1.272831665	-1.272831665	-1.272831665
TRINITY_DN36144_c0_g1	variable	Signaling_cascades	1.713220699	-1.086073876	-1.086073876	-1.086073876	2.387842885	5.673601299	-1.086073876	-1.086073876	-1.086073876	-1.086073876	-1.086073876	-1.086073876
TRINITY_DN36670_c0_g1	consistent	Recognition/cell_adhesion/protein_binding	-0.329844017	-0.329844017	-0.329844017	-0.329844017	-0.329844017	-0.329844017	0.943373457	-0.329844017	1.045890522	-0.329844017	-0.329844017	0.979332171
TRINITY_DN3681_c0_g1	consistent	Metabolism/transport	-0.511002972	-0.511002972	-0.511002972	-0.511002972	-0.511002972	-0.511002972	-0.511002972	-0.511002972	2.844718111	-0.511002972	-0.511002972	2.265311613
TRINITY_DN37446_c0_g1	variable	no_annotation	-1.683871527	8.464524974	-1.683871527	7.803727368	-1.683871527	-1.113408596	-1.683871527	-1.683871527	-1.683871527	-1.683871527	-1.683871527	-1.683871527
TRINITY_DN37864_c0_g1	consistent	DNA_regulation/transcription	0.306034648	0.256791129	0.014374754	0.269486202	0.160764241	0.269486202	-0.37679834	0.038945497	-0.277168468	-0.083699417	-0.297086342	-0.281130105
TRINITY_DN3881_c0_g1	consistent	Metabolism/transport	1.289347829	-0.3600377	-0.3600377	-0.3600377	2.311029172	-0.3600377	-0.3600377	-0.3600377	-0.3600377	-0.3600377	-0.3600377	-0.3600377
TRINITY_DN38843_c1_g2	variable	no_annotation	4.028214804	-1.011362299	-1.011362299	-1.011362299	6.071052897	-1.011362299	-1.011362299	-1.011362299	-1.011362299	-1.011362299	-0.997007006	-1.011362299
TRINITY_DN39059_c0_g1	consistent	Recognition/cell_adhesion/protein_binding	0.432193845	2.154421928	-0.442667897	1.512642679	1.451593192	0.338534738	-0.457502008	-1.194588832	-0.772446308	-1.513489234	-0.832490298	-0.676201806
TRINITY_DN3918_c0_g1	variable	no_annotation	-0.767827785	-0.767827785	-0.767827785	-0.767827785	3.933499473	3.744778376	-0.767827785	-0.767827785	-0.767827785	-0.767827785	-0.767827785	-0.767827785
TRINITY_DN3941_c0_g1	variable	Metabolism/transport	-2.129380865	0.037292918	-0.933961794	-0.594174818	-1.478899306	-1.916203762	-1.101018043	1.620561885	3.539153628	0.383466823	-2.429121023	5.002284355
TRINITY_DN4002_c0_g3	consistent	Signaling_cascades	-0.62434027	-0.815283052	-0.397526052	-0.659338352	-0.899347317	-0.339610793	-0.291484414	0.173787388	1.482489767	-0.026715526	0.949050282	1.448318339
TRINITY_DN40267_c0_g2	consistent	no_annotation	-0.840161334	1.794896496	-0.840161334	2.449673131	-0.840161334	3.316882376	-0.840161334	-0.840161334	-0.840161334	-0.840161334	-0.840161334	-0.840161334
TRINITY_DN409_c1_g1	variable	Signaling_cascades	-0.593975465	2.673859927	-0.593975465	3.265894721	-0.593975465	-0.593975465	-0.593975465	-0.593975465	-0.593975465	-0.593975465	-0.593975465	-0.593975465
TRINITY_DN41412_c0_g1	consistent	DNA_regulation/transcription	-0.269120253	-0.269120253	-0.269120253	-0.269120253	1.965381068	0.725821458	-0.269120253	-0.269120253	-0.269120253	-0.269120253	-0.269120253	-0.269120253
TRINITY_DN4192_c0_g1	variable	no_annotation	-0.715044564	-0.715044564	-0.715044564	-0.715044564	-0.715044564	-0.715044564	2.725243256	-0.715044564	-0.715044564	-0.715044564	4.425202388	-0.715044564
TRINITY_DN4224_c1_g1	consistent	Unknown	-0.482031005	-0.482031005	-0.482031005	-0.482031005	-0.482031005	-0.482031005	-0.482031005	-0.482031005	2.368768418	-0.482031005	-0.482031005	2.451541633
TRINITY_DN42280_c0_g1	variable	no_annotation	-0.903733174	-0.903733174	-0.903733174	-0.903733174	-0.903733174	-0.903733174	-0.903733174	-0.903733174	4.58368886	-0.903733174	-0.903733174	4.453642881
TRINITY_DN4317_c1_g1	variable	Metabolism/transport	-1.399924182	6.685331614	-1.507618379	6.460574749	-1.082051451	-1.377322753	-1.369866948	-1.3259236	-1.242993976	-1.322321363	-1.366153445	-1.151730267
TRINITY_DN43221_c3_g1	variable	no_annotation	-0.931003228	4.800315803	-0.931003228	4.509716473	-0.931003228	-0.931003228	-0.931003228	-0.931003228	-0.931003228	-0.931003228	-0.931003228	-0.931003228
TRINITY_DN4331_c0_g1	consistent	no_annotation	2.927997085	4.623508697	-1.687592005	4.305497369	3.113482736	-1.128164596	-2.179188599	-1.636187722	-2.179188599	-1.801787168	-2.179188599	-2.179188599
TRINITY_DN4366_c1_g1	variable	no_annotation	-2.19091614	-2.19091614	-2.19091614	-2.19091614	-2.19091614	-2.19091614	-2.19091614	-2.19091614	6.703998608	-2.19091614	6.384358368	6.629888281
TRINITY_DN44786_c3_g1	variable	no_annotation	4.969166683	-1.032207731	-1.005053679	-1.032207731	-1.032207731	5.269891938	-1.032207731	-1.005053679	-1.032207731	-1.017852438	-1.017852438	-1.032207731
TRINITY_DN4484_c1_g3	variable	no_annotation	-1.920181104	-1.920181104	-1.920181104	-1.920181104	-0.546672089	-1.920181104	8.918639122	-1.920181104	-1.920181104	-1.920181104	8.909662907	-1.920181104
TRINITY_DN45157_c3_g1	variable	no_annotation	-0.754382139	-0.754382139	-0.754382139	-0.754382139	3.693064816	3.850756574	-0.754382139	-0.754382139	-0.754382139	-0.754382139	-0.754382139	-0.754382139
TRINITY_DN454_c1_g2	consistent	Recognition/cell_adhesion/protein_binding	1.501737612	1.320504267	-0.381492	1.739350732	1.515481025	-0.0139235	-0.76104896	-0.973000315	-1.395272681	-0.388694033	-1.075984468	-1.08765768
TRINITY_DN4567_c1_g1	consistent	Metabolism/transport	1.568618652	3.808019668	-0.310204511	3.400381753	0.259922949	1.26905837	-1.955445024	-1.955445024	-1.955445024	-1.113874386	-1.955445024	-1.060142402
TRINITY_DN4628_c1_g1	consistent	no_annotation	-0.306033842	-0.306033842	-0.306033842	-0.306033842	-0.306033842	-0.306033842	1.347026175	-0.306033842	-0.306033842	-0.306033842	1.713312247	-0.306033842
TRINITY_DN463_c0_g2	consistent	no_annotation	-1.310613479	3.831268858	-1.310613479	3.590832705	4.373419752	-1.310613479	-1.310613479	-1.310613479	-1.310613479	-1.310613479	-1.310613479	-1.310613479
TRINITY_DN4802_c1_g2	variable	no_annotation	-0.607547003	2.878137425	-0.607547003	3.197332605	-0.607547003	-0.607547003	-0.607547003	-0.607547003	-0.607547003	-0.607547003	-0.607547003	-0.607547003
TRINITY_DN4898_c0_g2	consistent	DNA_regulation/transcription	-0.367694878	1.667577112	-0.367694878	1.976565517	-0.367694878	-0.334888732	-0.367694878	-0.367694878	-0.367694878	-0.367694878	-0.367694878	-0.367694878
TRINITY_DN49263_c1_g1	variable	no_annotation	-0.699615741	3.426365913	-0.699615741	3.5697915	-0.699615741	-0.699615741	-0.699615741	-0.699615741	-0.699615741	-0.699615741	-0.699615741	-0.699615741
TRINITY_DN49340_c0_g1	variable	no_annotation	-0.64286339	-0.64286339	-0.64286339	-0.64286339	-0.64286339	-0.64286339	3.07456628	-0.64286339	-0.64286339	-0.64286339	3.354067621	-0.64286339
TRINITY_DN49954_c0_g1	consistent	Unknown	-0.251421398	1.102637181	-0.502382972	1.248223533	0.552812683	0.864428802	-0.502382972	-0.502382972	-0.502382972	-0.502382972	-0.502382972	-0.502382972
TRINITY_DN50091_c2_g1	variable	Signaling_cascades	-0.854341053	-0.854341053	-0.854341053	-0.854341053	-0.854341053	-0.854341053	-0.854341053	-0.854341053	3.862320672	-0.854341053	-0.854341053	4.681089862
TRINITY_DN50670_c0_g1	variable	Metabolism/transport	3.965234867	-0.787995256	-0.787995256	-0.787995256	-0.787995256	3.91471769	-0.787995256	-0.787995256	-0.787995256	-0.787995256	-0.787995256	-0.787995256
TRINITY_DN5157_c19_g1	variable	no_annotation	6.92797947	-1.382565152	-1.382565152	-1.382565152	6.897672047	-1.382565152	-1.382565152	-1.382565152	-1.382565152	-1.382565152	-1.382565152	-1.382565152
TRINITY_DN521_c1_g1	consistent	Metabolism/transport	2.746590687	4.135509781	-0.409764616	3.156330241	-2.280881574	3.98752569	-2.964353467	-0.772475025	-2.964353467	-1.152471471	-0.517303312	-2.964353467
TRINITY_DN5218_c0_g4	variable	no_annotation	-0.645601631	3.133342827	-0.645601631	3.32267348	-0.645601631	-0.645601631	-0.645601631	-0.645601631	-0.645601631	-0.645601631	-0.645601631	-0.645601631
TRINITY_DN5333_c0_g2	variable	Metabolism/transport	-0.690373069	-0.690373069	-0.690373069	-0.690373069	3.901007151	3.002723541	-0.690373069	-0.690373069	-0.690373069	-0.690373069	-0.690373069	-0.690373069
TRINITY_DN53486_c0_g1	variable	no_annotation	-0.830541381	-0.830541381	-0.830541381	-0.830541381	-0.830541381	-0.830541381	-0.830541381	-0.830541381	4.343984884	-0.830541381	-0.830541381	3.96142893
TRINITY_DN5468_c0_g1	variable	no_annotation	-0.577255834	-0.577255834	-0.577255834	-0.577255834	-0.577255834	-0.577255834	2.669152253	-0.577255834	-0.577255834	-0.577255834	3.103406087	-0.577255834
TRINITY_DN5539_c0_g1	variable	no_annotation	-0.503267866	-0.503267866	-0.503267866	-0.503267866	-0.503267866	-0.503267866	2.281654836	-0.503267866	-0.503267866	-0.503267866	2.751023821	-0.503267866
TRINITY_DN55628_c0_g2	consistent	no_annotation	1.584486105	-0.204617112	-0.204617112	-0.204617112	-0.204617112	0.461685016	-0.204617112	-0.204617112	-0.204617112	-0.204617112	-0.204617112	-0.204617112
TRINITY_DN564_c10_g1	variable	no_annotation	-0.736006036	3.546582035	-0.736006036	3.81347832	-0.736006036	-0.736006036	-0.736006036	-0.736006036	-0.736006036	-0.736006036	-0.736006036	-0.736006036
TRINITY_DN5662_c1_g2	consistent	Recognition/cell_adhesion/protein_binding	-0.459217421	2.270661591	-0.459217421	2.321512616	-0.459217421	-0.459217421	-0.459217421	-0.459217421	-0.459217421	-0.459217421	-0.459217421	-0.459217421
TRINITY_DN57187_c0_g1	consistent	no_annotation	3.358555761	1.533889205	-0.848399712	1.734362491	-1.115036355	1.545801013	-1.115036355	-1.115036355	-0.829338229	-0.919688756	-1.115036355	-1.115036355
TRINITY_DN5734_c1_g3	variable	no_annotation	-0.702095954	-0.702095954	-0.702095954	-0.702095954	-0.702095954	-0.702095954	-0.702095954	-0.702095954	3.602123014	-0.702095954	-0.702095954	3.418836531
TRINITY_DN57398_c0_g1	consistent	no_annotation	-0.374873729	-0.374873729	-0.374873729	-0.374873729	-0.374873729	-0.374873729	-0.374873729	-0.374873729	2.188528492	-0.374873729	-0.374873729	1.560208795
TRINITY_DN59203_c0_g1	variable	no_annotation	4.438080955	-0.947212019	-0.947212019	-0.947212019	4.795252374	-0.708425159	-0.947212019	-0.947212019	-0.947212019	-0.947212019	-0.947212019	-0.947212019
TRINITY_DN59476_c0_g1	variable	no_annotation	-1.009145537	-1.009145537	-1.009145537	-1.009145537	-1.009145537	-1.009145537	-1.009145537	-1.009145537	4.900771542	-1.009145537	-1.009145537	5.190683827
TRINITY_DN600_c0_g1	variable	Cell_damage	-0.784259544	3.755829738	-0.784259544	4.070982707	-0.784259544	-0.768476547	-0.784259544	-0.784259544	-0.784259544	-0.784259544	-0.784259544	-0.784259544
TRINITY_DN6118_c0_g1	consistent	Metabolism/transport	1.239290889	1.706980508	-0.405699941	1.405703177	-0.387651918	-0.405699941	-0.532572913	-0.433202506	-0.335905305	-0.631312031	-0.540028718	-0.679901302
TRINITY_DN6357_c0_g8	consistent	no_annotation	-0.468957344	1.944095085	-0.468957344	2.745478354	-0.468957344	-0.468957344	-0.468957344	-0.468957344	-0.468957344	-0.468957344	-0.468957344	-0.468957344
TRINITY_DN6728_c0_g1	consistent	Recognition/cell_adhesion/protein_binding	-0.628306151	1.108947953	-0.628306151	1.321415526	3.224391884	-0.628306151	-0.628306151	-0.628306151	-0.628306151	-0.628306151	-0.628306151	-0.628306151
TRINITY_DN6728_c2_g1	consistent	Signaling_cascades	-0.49079543	-0.49079543	-0.49079543	-0.49079543	-0.49079543	-0.49079543	-0.49079543	-0.49079543	2.521594459	-0.49079543	-0.49079543	2.386359844
TRINITY_DN67997_c0_g1	consistent	no_annotation	-0.499046727	-0.499046727	-0.499046727	-0.499046727	-0.499046727	-0.499046727	-0.499046727	-0.499046727	2.596540181	-0.499046727	-0.499046727	2.393927088
TRINITY_DN69166_c0_g1	consistent	no_annotation	3.377025174	2.245237197	-0.934114607	2.768986093	-0.934114607	-0.918331609	-0.934114607	-0.934114607	-0.934114607	-0.934114607	-0.934114607	-0.934114607
TRINITY_DN69796_c0_g1	variable	Metabolism/transport	-0.764491755	-0.764491755	-0.764491755	-0.764491755	-0.764491755	-0.764491755	-0.764491755	-0.764491755	4.099942042	-0.764491755	-0.764491755	3.544975504
TRINITY_DN6993_c2_g1	variable	no_annotation	5.897699388	-0.930932194	-0.930932194	-0.930932194	-0.930932194	3.411622552	-0.930932194	-0.930932194	-0.930932194	-0.930932194	-0.930932194	-0.930932194
TRINITY_DN70127_c0_g1	variable	no_annotation	0.312540858	3.301178949	-0.852805328	3.059648877	-0.704124122	-0.516876786	-0.818703675	-0.665145953	-0.789194433	-0.718563225	-0.78665671	-0.821298451
TRINITY_DN7094_c0_g1	consistent	no_annotation	-1.00532606	0.660521461	-1.00532606	0.350254087	-1.00532606	-1.00532606	0.921432472	-1.00532606	1.665740812	-1.00532606	1.024656806	1.40935072
TRINITY_DN71_c2_g1	consistent	no_annotation	3.302392173	4.797161137	-2.142970368	4.583724637	3.132222966	-0.814708339	-2.142970368	-2.142970368	-2.142970368	-2.142970368	-2.142970368	-2.142970368
TRINITY_DN71155_c0_g1	consistent	no_annotation	-0.359969859	-0.359969859	-0.359969859	-0.359969859	-0.359969859	-0.359969859	-0.359969859	-0.359969859	1.670719345	-0.359969859	-0.359969859	1.928979246
TRINITY_DN712_c0_g1	consistent	no_annotation	2.972620284	-0.689329247	-0.770657302	-0.706305179	2.763908369	2.205358847	-1.281300415	-0.85630389	-1.106296774	-0.728429067	-0.949665946	-0.853599681
TRINITY_DN724_c2_g2	consistent	no_annotation	-0.469451659	2.158388606	-0.469451659	2.536127981	-0.469451659	-0.469451659	-0.469451659	-0.469451659	-0.469451659	-0.469451659	-0.469451659	-0.469451659
TRINITY_DN7323_c0_g2	variable	no_annotation	-0.791079143	3.773725795	-0.791079143	3.95437334	-0.791079143	-0.608386846	-0.791079143	-0.791079143	-0.791079143	-0.791079143	-0.791079143	-0.791079143
TRINITY_DN7375_c0_g4	variable	Unknown	1.422571085	-0.799020729	-0.746753419	-0.727964567	1.225973651	3.735098912	-0.687211473	-0.74810489	-0.567850822	-0.814511015	-0.535986323	-0.75624041
TRINITY_DN7377_c0_g1	variable	no_annotation	-1.449592782	-1.449592782	-1.449592782	-1.449592782	-1.449592782	-1.449592782	4.898444838	-1.449592782	4.044214644	-1.449592782	-1.449592782	4.103675553
TRINITY_DN7377_c1_g2	variable	no_annotation	-0.957105009	5.28380078	-0.957105009	4.287249311	-0.957105009	-0.957105009	-0.957105009	-0.957105009	-0.957105009	-0.957105009	-0.957105009	-0.957105009
TRINITY_DN772_c14_g1	consistent	no_annotation	2.589389976	2.929940214	-1.512007977	3.399875313	3.015938122	-1.512007977	-1.512007977	-1.512007977	-1.512007977	-1.512007977	-1.351087788	-1.512007977
TRINITY_DN7812_c0_g1	variable	no_annotation	-0.223864285	2.767436853	-0.572188114	2.772137991	-0.613431096	-0.518519449	-0.613431096	-0.613431096	-0.613431096	-0.613431096	-0.544416418	-0.613431096
TRINITY_DN7882_c0_g2	consistent	Signaling_cascades	-0.41894386	-0.41894386	-0.41894386	-0.41894386	-0.41894386	-0.41894386	-0.41894386	-0.41894386	1.99437942	-0.41894386	-0.41894386	2.195059184
TRINITY_DN7970_c0_g1	variable	Signaling_cascades	-1.031142454	5.358957698	-1.031142454	4.952466843	-1.031142454	-1.031142454	-1.031142454	-1.031142454	-1.031142454	-1.031142454	-1.031142454	-1.031142454
TRINITY_DN8048_c0_g3	variable	no_annotation	-0.876908348	-0.876908348	-0.876908348	-0.876908348	-0.876908348	-0.876908348	-0.876908348	-0.876908348	4.380554928	-0.876908348	-0.876908348	4.388528548
TRINITY_DN8051_c0_g2	consistent	DNA_regulation/transcription	0.534536554	-0.221632775	-0.221632775	-0.221632775	1.681791191	-0.221632775	-0.221632775	-0.221632775	-0.221632775	-0.221632775	-0.221632775	-0.221632775
TRINITY_DN80510_c0_g1	variable	no_annotation	-1.124481541	-1.124481541	-1.124481541	-1.124481541	-1.124481541	-1.124481541	-1.124481541	-1.124481541	5.477185265	-1.124481541	-1.124481541	5.767630148
TRINITY_DN8170_c0_g2	consistent	Unknown	-0.496373285	1.296482067	-0.496373285	1.384116341	0.587010302	0.703377571	-0.496373285	-0.496373285	-0.496373285	-0.496373285	-0.496373285	-0.496373285
TRINITY_DN827_c0_g3	variable	Recognition/cell_adhesion/protein_binding	-1.030292324	4.947788874	-1.030292324	5.186492329	-1.030292324	-0.861650288	-1.030292324	-1.030292324	-1.030292324	-1.030292324	-1.030292324	-1.030292324
TRINITY_DN8299_c1_g4	consistent	Recognition/cell_adhesion/protein_binding	-0.373275396	-0.373275396	-0.373275396	-0.373275396	-0.373275396	-0.373275396	-0.373275396	-0.373275396	1.919211896	-0.373275396	-0.373275396	1.813542063
TRINITY_DN8315_c1_g1	consistent	no_annotation	-0.436994507	2.157554043	-0.436994507	2.212391023	-0.436994507	-0.436994507	-0.436994507	-0.436994507	-0.436994507	-0.436994507	-0.436994507	-0.436994507
TRINITY_DN8343_c0_g6	variable	no_annotation	-0.742426507	3.818105043	-0.742426507	3.606160026	-0.742426507	-0.742426507	-0.742426507	-0.742426507	-0.742426507	-0.742426507	-0.742426507	-0.742426507
TRINITY_DN8479_c0_g1	variable	no_annotation	-0.773024621	-0.773024621	-0.773024621	-0.773024621	-0.773024621	-0.773024621	3.45494744	-0.773024621	-0.773024621	-0.773024621	4.275298766	-0.773024621
TRINITY_DN8666_c1_g2	variable	no_annotation	5.190178669	-0.995135174	-1.051718702	-1.051718702	-0.993748634	5.16981042	-1.051718702	-1.051718702	-1.051718702	-1.051718702	-1.009074365	-1.051718702
TRINITY_DN8720_c0_g2	consistent	Recognition/cell_adhesion/protein_binding	-1.051598031	2.761828584	-0.56344695	2.967223997	4.489893173	-2.889035677	-1.962125585	-0.53528806	-0.44439629	-0.543878529	-2.141520164	-0.087656467
TRINITY_DN8753_c3_g1	consistent	no_annotation	3.036442091	2.233192142	-1.383636025	2.1537843	0.046113826	2.215919817	-1.383636025	-1.383636025	-1.383636025	-1.383636025	-1.383636025	-1.383636025
TRINITY_DN8894_c1_g1	variable	no_annotation	-1.499422784	-1.533844949	-1.077364857	-1.7980811	-1.105653902	-1.7980811	-1.7980811	-1.479619635	4.514765561	-0.964583763	3.946160741	4.593806886
TRINITY_DN8969_c2_g2	variable	no_annotation	-0.913698908	4.865455733	-0.913698908	4.271533346	-0.913698908	-0.913698908	-0.913698908	-0.913698908	-0.913698908	-0.913698908	-0.913698908	-0.913698908
TRINITY_DN91576_c1_g1	variable	no_annotation	4.013066672	-0.831268761	-0.831268761	-0.831268761	4.299620936	-0.831268761	-0.831268761	-0.831268761	-0.831268761	-0.831268761	-0.831268761	-0.831268761
TRINITY_DN9197_c0_g2	consistent	no_annotation	-0.437044057	2.288478989	-0.437044057	2.049155436	-0.437044057	-0.404237912	-0.437044057	-0.437044057	-0.437044057	-0.437044057	-0.437044057	-0.437044057
TRINITY_DN9491_c0_g3	consistent	no_annotation	4.201855052	2.759247385	-0.931455104	2.362728	-0.775335903	-0.780951694	-1.139347956	-1.139347956	-1.139347956	-1.139347956	-1.139347956	-1.139347956
